NL_StJohns_20210205_NAD83CSRS_UTMZ22_1km_E3630_N52700_CQL1_CLASS.ply,0.9077423615126523,0.789961588592379,0.8988952513158656,0,0.6366947914976473,0,0
NL_StJohns_20210205_NAD83CSRS_UTMZ22_1km_E3530_N52640_CQL1_CLASS.ply,0.898155266673083,0.8224863879260881,0.9459796321007261,0,0.4261309072529694,0.6876650544494228,0
NL_StJohns_20210205_NAD83CSRS_UTMZ22_1km_E3610_N52410_CQL1_CLASS.ply,0.8459873532185767,0.8966482981461852,0.37254901960784315,0,0.8771845529425809,0,0
NL_StJohns_20210205_NAD83CSRS_UTMZ22_1km_E3730_N52670_CQL1_CLASS.ply,0.8146209250779327,0.6161566773051664,0,0,0.6757950722883198,0,0
NL_StJohns_20210205_NAD83CSRS_UTMZ22_1km_E3760_N52640_CQL1_CLASS.ply,0.8879431060420362,0.7363887039860685,0.673939393939394,0,0.5833729439926688,0,0
NL_StJohns_20210205_NAD83CSRS_UTMZ22_1km_E3330_N53200_CQL1_CLASS.ply,0.8822334381596101,0.7517802149692167,0.9591930307198533,0,0.8160525443961233,0,0
NL_StJohns_20210205_NAD83CSRS_UTMZ22_1km_E3680_N52740_CQL1_CLASS.ply,0.7904742449647537,0.8102742062271394,0.9125315956754593,0,0.04279477216531261,0.0,0
NL_StJohns_20210205_NAD83CSRS_UTMZ22_1km_E3400_N52490_CQL1_CLASS.ply,0.925466540469831,0.7395709494928671,0.0,0,0.9049772215658533,0.0,0
NL_StJohns_20210205_NAD83CSRS_UTMZ22_1km_E3300_N52380_CQL1_CLASS.ply,0.9040492077807866,0.742570652414815,0.9583333333333334,0,0.92891763356207,0,0
NL_StJohns_20210205_NAD83CSRS_UTMZ22_1km_E3370_N52590_CQL1_CLASS.ply,0.9270833333333334,0.8927916120576671,0,0,0.9966096811371494,0,0
NL_StJohns_20210205_NAD83CSRS_UTMZ22_1km_E3140_N52960_CQL1_CLASS.ply,0.8137254024444276,0.8578388797747276,0,0,0.914227507180356,0,0
NL_StJohns_20210205_NAD83CSRS_UTMZ22_1km_E3590_N52630_CQL1_CLASS.ply,0.762979439887545,0.8633237697944719,0.9411224872237653,0,0.3779176410247494,0.0,0
NL_StJohns_20210205_NAD83CSRS_UTMZ22_1km_E3330_N52390_CQL1_CLASS.ply,0.8756319812811586,0.7501589239139871,0.0,0,0.8272336275844001,0,0
NL_StJohns_20210205_NAD83CSRS_UTMZ22_1km_E3210_N52860_CQL1_CLASS.ply,0.8853042469743517,0.7358871378769036,0,0,0,0,0
NL_StJohns_20210205_NAD83CSRS_UTMZ22_1km_E3570_N52100_CQL1_CLASS.ply,0.4478336935268087,0.7799624854901546,0.970406306852638,0,0.9052492076121254,0,0
NL_StJohns_20210205_NAD83CSRS_UTMZ22_1km_E3670_N52730_CQL1_CLASS.ply,0.9057724435516107,0.7657104923862325,0.9425011446137747,0,0.015584415584415584,0.0,0
NL_StJohns_20210205_NAD83CSRS_UTMZ22_1km_E3310_N52640_CQL1_CLASS.ply,0.9457542287620735,0.6959109255828005,0.9262981574539364,0,0.9551055582638163,0.0,0
NL_StJohns_20210205_NAD83CSRS_UTMZ22_1km_E3550_N52300_CQL1_CLASS.ply,0.9318776609459023,0.721976591944466,0.3814423765211167,0,0.9386705160354196,0.0,0
NL_StJohns_20210205_NAD83CSRS_UTMZ22_1km_E3520_N52080_CQL1_CLASS.ply,0.9148251697832374,0.7648582006379843,0.8967667190048629,0,0.7392411264641987,0.2877959927140255,0
NL_StJohns_20210205_NAD83CSRS_UTMZ22_1km_E3640_N52920_CQL1_CLASS.ply,0.8537258728839161,0.680772571669916,0,0,0.48972092875922585,0,0
NL_StJohns_20210205_NAD83CSRS_UTMZ22_1km_E3280_N52690_CQL1_CLASS.ply,0.8789011192802093,0.6760978306668499,0.933690167185258,0,0.9599298812944745,0,0
NL_StJohns_20210205_NAD83CSRS_UTMZ22_1km_E3720_N52560_CQL1_CLASS.ply,0.6205617376429144,0.754108757416381,0.0,0,0.3548552152819891,0,0
NL_StJohns_20210205_NAD83CSRS_UTMZ22_1km_E3260_N53060_CQL1_CLASS.ply,0.8879476502228197,0.7200573362427146,0.0,0,0.9618498187950584,0,0
NL_StJohns_20210205_NAD83CSRS_UTMZ22_1km_E3620_N52660_CQL1_CLASS.ply,0.6900348623164481,0.8361759525795189,0.9602073827950419,0,0.024073236889692585,0.049206349206349205,0
NL_StJohns_20210205_NAD83CSRS_UTMZ22_1km_E3690_N52870_CQL1_CLASS.ply,0.8917432841727464,0.7188028319598546,0.9669915576651328,0,0.3119024316795905,0,0
NL_StJohns_20210205_NAD83CSRS_UTMZ22_1km_E3350_N52850_CQL1_CLASS.ply,0.882135639525455,0.8232989100096954,0,0,0.9289689207760831,0,0
NL_StJohns_20210205_NAD83CSRS_UTMZ22_1km_E3660_N52640_CQL1_CLASS.ply,0.6349730795298746,0.7737975041032967,0.9178258416796863,0,0.2907872104425547,0.59779299847793,0
NL_StJohns_20210205_NAD83CSRS_UTMZ22_1km_E3240_N52850_CQL1_CLASS.ply,0.8834427919860972,0.7810587174177386,0,0,0.6510373731208035,0,0
NL_StJohns_20210205_NAD83CSRS_UTMZ22_1km_E3580_N52290_CQL1_CLASS.ply,0.9270755295820803,0.7672659277546597,0.9132972235701452,0,0.8881607016401807,0.0,0
NL_StJohns_20210205_NAD83CSRS_UTMZ22_1km_E3490_N52200_CQL1_CLASS.ply,0.8849067576372269,0.7632002739567761,0.0,0,0.683466030796589,0,0
